function optyMeanStds = evoGetOptyCECLSO2010DECCG()
% Data are taken from the following website:
%   http://staff.ustc.edu.cn/~ketang/cec2012/lsgo_competition.htm

% first + second column -> mean + std
optyMeanStds = [2.93e-07 8.62e-08; ...
    1.31e+03 3.26e+01; ...
    1.39e+00 9.73e-02; ...
    1.70e+13 5.37e+12; ...
    2.63e+08 8.44e+07; ...
    4.96e+06 8.02e+05; ...
    1.63e+08 1.37e+08; ...
    6.44e+07 2.89e+07; ...
    3.21e+08 3.38e+07; ...
    1.06e+04 2.95e+02; ...
    2.34e+01 1.78e+00; ...
    8.93e+04 6.87e+03; ...
    5.12e+03 3.95e+03; ...
    8.08e+08 6.07e+07; ...
    1.22e+04 8.97e+02; ...
    7.66e+01 8.14e+00; ...
    2.87e+05 1.98e+04; ...
    2.46e+04 1.05e+04; ...
    1.11e+06 5.15e+04; ...
    4.06e+03 3.66e+02];
end
