function optyMeanStds = evoGetOptyCECLSO2010MASWChains()
% Data are taken from TABLE III of the following paper:
%   Molina, D., Lozano, M. and Herrera, F., 2010.
%   MA-SW-Chains: Memetic algorithm based on local search chains for
%       large scale continuous global optimization.
%   In Proceedings of IEEE Congress on Evolutionary Computation. IEEE.

% first + second + third + fourth column -> mean + std + median + best
optyMeanStds = [2.10e-14 1.99e-14 1.50e-14 3.18e-15; ...
    8.10e+02 5.88e+01 7.90e+02 7.04e+02; ...
    7.28e-13 3.40e-13 6.11e-13 3.34e-13; ...
    3.53e+11 3.12e+10 3.54e+11 3.04e+11; ...
    1.68e+08 1.04e+08 2.31e+08 2.89e+07; ...
    8.14e+04 2.84e+05 1.60e+00 8.13e-07; ...
    1.03e+02 8.70e+01 9.04e+01 3.35e-03; ...
    1.41e+07 3.68e+07 3.43e+06 1.54e+06; ...
    1.41e+07 1.15e+06 1.40e+07 1.19e+07; ...
    2.07e+03 1.44e+02 2.07e+03 1.81e+03; ...
    3.80e+01 7.35e+00 3.75e+01 2.74e+01; ...
    3.62e-06 5.92e-07 3.50e-06 2.65e-06; ...
    1.25e+03 5.72e+02 1.07e+03 3.86e+02; ...
    3.11e+07 1.93e+06 3.09e+07 2.79e+07; ...
    2.74e+03 1.22e+02 2.72e+03 2.56e+03; ...
    9.98e+01 1.40e+01 9.44e+01 8.51e+01; ...
    1.24e+00 1.25e-01 1.26e+00 1.04e+00; ...
    1.30e+03 4.36e+02 1.19e+03 7.83e+02; ...
    2.85e+05 1.78e+04 2.85e+05 2.49e+05; ...
    1.07e+03 7.29e+01 1.06e+03 9.25e+02];
end
