function optys = evoGetOptyCECLSO2010CCGDGCMAES()
% Data are taken from TABLE VII-VIII of the following paper:
%   Mei, Y., Omidvar, M.N., Li, X. and Yao, X., 2016.
%   A competitive divide-and-conquer algorithm for unconstrained
%       large-scale black-box optimization.
%   ACM Transactions on Mathematical Software (TOMS), 42(2), pp.13-24.

% first + second + third + fourth column -> mean + std + median + best
optys = [0.00e+00 0.00e+00 0.00e+00 0.00e+00; ...
    1.60e+03 5.29e+01 1.61e+03 1.50e+03; ...
    2.17e+01 1.06e-02 2.17e+01 2.16e+01; ...
    1.60e+10 1.25e+10 1.17e+10 3.48e+09; ...
    1.02e+08 1.32e+07 1.02e+08 8.06e+07; ...
    6.03e+06 9.88e+06 0.00e+00 0.00e+00; ...
    0.00e+00 0.00e+00 0.00e+00 0.00e+00; ...
    2.90e+07 2.59e+07 2.20e+07 1.77e+07; ...
    1.74e+03 6.95e+02 1.57e+03 7.90e+02; ...
    1.81e+03 8.89e+01 1.80e+03 1.64e+03; ...
    6.53e+01 2.82e+01 6.44e+01 2.17e+01; ...
    0.00e+00 0.00e+00 0.00e+00 0.00e+00; ...
    2.72e+02 1.77e+02 1.59e+02 1.27e+02; ...
    0.00e+00 0.00e+00 0.00e+00 0.00e+00; ...
    2.00e+03 6.74e+01 2.01e+03 1.85e+03; ...
    9.67e+01 3.78e+01 8.46e+01 4.26e+01; ...
    0.00e+00 0.00e+00 0.00e+00 0.00e+00; ...
    8.63e+01 8.76e+01 5.79e+01 2.38e+01; ...
    2.87e+06 6.61e+05 2.81e+06 1.62e+06; ...
    8.54e+02 6.71e+01 8.29e+02 7.72e+02];
end
