function optys = evoGetOptyCECLSO2010PCMAES()
% Data are taken from TABLE VII-VIII of the following paper:
%   Mei, Y., Omidvar, M.N., Li, X. and Yao, X., 2016.
%   A competitive divide-and-conquer algorithm for unconstrained
%       large-scale black-box optimization.
%   ACM Transactions on Mathematical Software (TOMS), 42(2), p.13-24.

% first + second + third + fourth column -> mean + std + median + best
optys = [8.60e+06 8.01e+05 8.49e+06 7.32e+06; ...
    5.21e+03 2.20e+02 5.20e+03 4.82e+03; ...
    2.17e+01 1.06e-02 2.17e+01 2.16e+01; ...
    5.90e+13 1.98e+13 5.22e+13 3.61e+13; ...
    6.37e+07 1.31e+07 6.44e+07 3.55e+07; ...
    2.58e+06 7.13e+06 2.17e+01 2.17e+01; ...
    1.35e+09 3.29e+08 1.41e+09 6.50e+08; ...
    1.08e+09 1.35e+09 6.47e+08 4.86e+08; ...
    9.59e+06 1.07e+06 9.55e+06 7.60e+06; ...
    5.20e+03 2.83e+02 5.17e+03 4.75e+03; ...
    2.38e+02 1.97e-01 2.38e+02 2.38e+02; ...
    0.00e+00 0.00e+00 0.00e+00 0.00e+00; ...
    9.15e+04 6.77e+04 7.85e+04 6.06e+03; ...
    1.06e+07 1.11e+06 1.07e+07 8.83e+06; ...
    5.12e+03 1.98e+02 5.16e+03 4.72e+03; ...
    4.33e+02 2.83e-01 4.33e+02 4.32e+02; ...
    0.00e+00 0.00e+00 0.00e+00 0.00e+00; ...
    3.36e+03 1.81e+03 2.51e+03 6.49e+02; ...
    2.87e+06 6.61e+05 2.81e+06 1.62e+06; ...
    8.54e+02 6.71e+01 8.29e+02 7.72e+02];
end
